%YAML:1.0
---
rotation: !!opencv-matrix
   rows: 3
   cols: 3
   dt: d
   data: [ 9.9871952409393028e-01, 2.6553334206181134e-03,
       5.0519910906679025e-02, -2.9292666092591560e-03,
       9.9998140355001364e-01, 5.3490140471499827e-03,
       -5.0504767999915781e-02, -5.4901510516630579e-03,
       9.9870872963577562e-01 ]
translation: !!opencv-matrix
   rows: 3
   cols: 1
   dt: d
   data: [ -1.4852855778672719e-01, -9.8049133180331902e-03,
       -4.9147513350966954e-02 ]
essential: !!opencv-matrix
   rows: 3
   cols: 3
   dt: d
   data: [ 3.5122870259944464e-04, 4.9200429836857434e-02,
       -9.5293617847450121e-03, -5.6585981496658541e-02,
       -9.4594725247589505e-04, 1.4585383926604051e-01,
       1.0227438107614424e-02, -1.4849976036881113e-01,
       -2.9913799472938436e-04 ]
fundamental: !!opencv-matrix
   rows: 3
   cols: 3
   dt: d
   data: [ 3.7236540279254868e-08, 5.2511200561531481e-06,
       -1.4890146758868999e-03, -5.9760089733039310e-06,
       -1.0057106171750160e-07, 7.0756605255097565e-03,
       4.2624123066771812e-03, -2.1900590222761741e-02, 1. ]
