%YAML:1.0
---
cameraMatrix: !!opencv-matrix
   rows: 3
   cols: 3
   dt: d
   data: [ 1.0416157014528378e+03, 0., 9.4332516508806805e+02, 0.,
       1.0423521917428448e+03, 5.1541657373609371e+02, 0., 0., 1. ]
distortionCoefficients: !!opencv-matrix
   rows: 1
   cols: 5
   dt: d
   data: [ 3.8857252882715859e-03, 8.3143696236452611e-02,
       -3.0306682600686518e-03, 7.3726885855639743e-04,
       -1.8449756367253367e-01 ]
rotation: !!opencv-matrix
   rows: 3
   cols: 3
   dt: d
   data: [ 1., 0., 0., 0., 1., 0., 0., 0., 1. ]
projection: !!opencv-matrix
   rows: 4
   cols: 4
   dt: d
   data: [ 1.0416157014528378e+03, 0., 9.4332516508806805e+02, 0., 0.,
       1.0423521917428448e+03, 5.1541657373609371e+02, 0., 0., 0., 1.,
       0., 0., 0., 0., 1. ]
