%YAML:1.0
---
depthShift: -3.1303424220896666e+01
