%YAML:1.0
---
cameraMatrix: !!opencv-matrix
   rows: 3
   cols: 3
   dt: d
   data: [ 3.5865031721148404e+02, 0., 2.5598753202855281e+02, 0.,
       3.5626035158369422e+02, 2.1274398171564712e+02, 0., 0., 1. ]
distortionCoefficients: !!opencv-matrix
   rows: 1
   cols: 5
   dt: d
   data: [ 4.5835605857770474e-02, -1.5445393691183701e-01,
       1.0007021519126035e-02, 4.2498457606868727e-04,
       -5.1692437000533754e-02 ]
rotation: !!opencv-matrix
   rows: 3
   cols: 3
   dt: d
   data: [ 1., 0., 0., 0., 1., 0., 0., 0., 1. ]
projection: !!opencv-matrix
   rows: 4
   cols: 4
   dt: d
   data: [ 3.5865031721148404e+02, 0., 2.5598753202855281e+02, 0., 0.,
       3.5626035158369422e+02, 2.1274398171564712e+02, 0., 0., 0., 1.,
       0., 0., 0., 0., 1. ]
