%YAML:1.0
---
rotation: !!opencv-matrix
   rows: 3
   cols: 3
   dt: d
   data: [ 9.9987135728467069e-01, 7.0760548478679165e-03,
       1.4394385346393200e-02, -7.1626275180959442e-03,
       9.9995651684240616e-01, 5.9716992087378278e-03,
       -1.4351503361930732e-02, -6.0740326137246111e-03,
       9.9987856286604126e-01 ]
translation: !!opencv-matrix
   rows: 3
   cols: 1
   dt: d
   data: [ -5.2531389363219258e-02, 9.8088125586607016e-04,
       5.9177534807166466e-03 ]
essential: !!opencv-matrix
   rows: 3
   cols: 3
   dt: d
   data: [ 2.8309543285072362e-05, -5.9234540628477651e-03,
       9.4542309667930283e-04, 5.1630877937871040e-03,
       -2.7720302403074762e-04, 5.2610192525838519e-02,
       -6.0449229762109301e-04, -5.2536045902102708e-02,
       -3.2782083907022551e-04 ]
fundamental: !!opencv-matrix
   rows: 3
   cols: 3
   dt: d
   data: [ 3.1238331744887478e-08, -6.5350002278221812e-06,
       1.7141283573233336e-03, 5.6932140648875823e-06,
       -3.0560579128809192e-07, 1.9227892778973191e-02,
       -3.6586343114018340e-03, -5.4049844352056946e-02, 1. ]
