%YAML:1.0
---
cameraMatrix: !!opencv-matrix
   rows: 3
   cols: 3
   dt: d
   data: [ 3.5558354652803922e+02, 0., 2.5704475716004936e+02, 0.,
       3.5565264643527036e+02, 2.0676382374121599e+02, 0., 0., 1. ]
distortionCoefficients: !!opencv-matrix
   rows: 1
   cols: 5
   dt: d
   data: [ 6.9242800796045265e-02, -2.1502250186134489e-01,
       -1.2149421032517438e-03, 3.0694364068095648e-03,
       8.6686947934294156e-02 ]
rotation: !!opencv-matrix
   rows: 3
   cols: 3
   dt: d
   data: [ 1., 0., 0., 0., 1., 0., 0., 0., 1. ]
projection: !!opencv-matrix
   rows: 4
   cols: 4
   dt: d
   data: [ 3.5558354652803922e+02, 0., 2.5704475716004936e+02, 0., 0.,
       3.5565264643527036e+02, 2.0676382374121599e+02, 0., 0., 0., 1.,
       0., 0., 0., 0., 1. ]
