%YAML:1.0
---
cameraMatrix: !!opencv-matrix
   rows: 3
   cols: 3
   dt: d
   data: [ 1.0699098859967903e+03, 0., 9.5143950964723729e+02, 0.,
       1.0740491018858779e+03, 5.2505712308977888e+02, 0., 0., 1. ]
distortionCoefficients: !!opencv-matrix
   rows: 1
   cols: 5
   dt: d
   data: [ 2.8788749029321201e-02, 2.0951039281495534e-01,
       -1.7371825282850690e-03, 1.0343932300762933e-03,
       -5.6226909360392896e-01 ]
rotation: !!opencv-matrix
   rows: 3
   cols: 3
   dt: d
   data: [ 1., 0., 0., 0., 1., 0., 0., 0., 1. ]
projection: !!opencv-matrix
   rows: 4
   cols: 4
   dt: d
   data: [ 1.0699098859967903e+03, 0., 9.5143950964723729e+02, 0., 0.,
       1.0740491018858779e+03, 5.2505712308977888e+02, 0., 0., 0., 1.,
       0., 0., 0., 0., 1. ]
