%YAML:1.0
---
depthShift: -5.7044474809894625e+00
